224517
161936
174430
342942
233078
167791
316554
291457
115746
187645
162886
220308
182028
12333
193738
169786
84876
173346
246900
28720
167355
124361
177736
266507
266192
120677
205637
312484
237182
164928
341169
199792
96848
183394
251247
324856
192135
175914
256960
285774
3076
247763
102794
170216
295947
185343
31260
184267
521
314040
295770
221107
255984
284378
205059
276025
161533
126163
2651
366013
244521
216132
284083
35677
266810
164153
125153
209010
182874
55690
124742
253344
230802
200680
28143
191189
72125
157354
201808
25613
159675
229853
317985
110327
231733
171623
121921
62219
68448
279537
264220
180263
93
236457
37111
122515
225694
155821
18602
170042
172386
40834
163068
42
73439
203993
146021
269385
12493
256916
144733
163412
102680
205896
218417
36218
310873
281259
4098
175640
233371
217372
43015
198928
178900
196340
175155
172287
271055
132531
266524
263918
30549
262712
118048
161970
220877
127023
274364
2511
147020
308765
271324
233398
254640
304783
34635
146652
14996
12
328871
77423
291453
103885
283948
296151
463
265188
148949
244522
233867
82222
189932
268864
249259
54043
43111
9609
329082
104162
209418
188920
287954
364073
10630
294484
282524
39463
17133
128882
251661
310100
155426
199561
235802
25021
277659
70149
283355
103343
31627
227224
150376
123260
14105
271896
242302
171131
350184
104006
188
314491
300531
366161
148228
215
245638
822
21050
221194
118
306735
339789
195421
126042
293014
283155
91
285967
7854
295486
9209
54998
227935
224037
146886
258779
241451
188834
332772
129437
269207
156129
318977
232832
158600
176189
169426
365717
109276
322289
555
192291
199478
223321
274637
223040
9216
194655
239188
176494
165722
19857
228341
198994
421
300322
20551
3
260605
31481
27708
27833
146508
128621
224783
299659
232405
286096
305096
140620
316377
127060
204583
155068
760
144344
302723
240980
92828
108745
311193
206718
176734
24181
246784
2655
364011
19777
155873
97207
66589
139976
298047
230253
156546
244271
22545
46213
160477