224517
161936
174430
342942
233078
167791
316554
291457
115746
187645
162886
220308
182028
12333
193738
169786
84876
173346
246900
28720
167355
124361
177736
266507
266192
120677
205637
312484
237182
164928
341169
199792
96848
183394
251247
324856
192135
175914
256960
285774
3076
247763
102794
170216
295947
185343
31260
184267
521
314040
295770
221107
255984
284378
205059
276025
161533
126163
2651
366013
244521
216132
284083
35677
266810
164153
125153
209010
182874
55690
124742
253344
230802
200680
28143
191189
72125
157354
201808
25613
159675
229853
317985
110327
231733
171623
121921
62219
68448
279537
264220
180263
93
236457
37111
122515
225694
155821
18602
170042
